0 0.200297 0.393333 0.044510 0.106667
0 0.359050 0.276667 0.065282 0.086667
0 0.477745 0.176667 0.053412 0.126667
0 0.594955 0.183333 0.038576 0.153333
0 0.645401 0.270000 0.038576 0.126667
0 0.698813 0.403333 0.056380 0.113333
0 0.728487 0.543333 0.050445 0.126667
0 0.523739 0.396667 0.074184 0.073333
0 0.476261 0.500000 0.044510 0.093333
0 0.544510 0.783333 0.044510 0.113333
0 0.350148 0.656667 0.053412 0.140000
0 0.218101 0.936667 0.050445 0.086667
0 0.164688 0.646667 0.038576 0.106667
0 0.847181 0.833333 0.062315 0.106667
0 0.857567 0.943333 0.065282 0.100000
0 0.123145 0.556667 0.032641 0.060000
